-2.09105 -2.09105 2.09105, 0.389614
-0.833333 -2.23958 2.23958, 0
0.833333 -2.23958 2.23958, 0
2.09105 -2.09105 2.09105, 0.389614
-2.23958 -0.833333 2.23958, 0
-0.833333 -0.833333 2.714, -0.968302
0.833333 -0.833333 2.714, -0.968299
2.23958 -0.833333 2.23958, 0
-2.23958 0.833333 2.23958, 0
-0.833333 0.833333 2.714, -0.968299
0.833333 0.833333 2.714, -0.968295
2.23958 0.833333 2.23958, 0
-2.09105 2.09105 2.09105, 0.389614
-0.833333 2.23958 2.23958, 0
0.833333 2.23958 2.23958, 0
2.09105 2.09105 2.09105, 0.389614
-2.23958 2.23958 0.833333, 0
-0.833333 2.714 0.833333, -0.968302
0.833333 2.714 0.833333, -0.968299
2.23958 2.23958 0.833333, 0
-2.23958 2.23958 -0.833333, 0
-0.833333 2.714 -0.833333, -0.968299
0.833333 2.714 -0.833333, -0.968295
2.23958 2.23958 -0.833333, 0
-2.09105 2.09105 -2.09105, 0.389614
-0.833333 2.23958 -2.23958, 0
0.833333 2.23958 -2.23958, 0
2.09105 2.09105 -2.09105, 0.389614
-2.23958 0.833333 -2.23958, 0
-0.833333 0.833333 -2.714, -0.968302
0.833333 0.833333 -2.714, -0.968299
2.23958 0.833333 -2.23958, 0
-2.23958 -0.833333 -2.23958, 0
-0.833333 -0.833333 -2.714, -0.968299
0.833333 -0.833333 -2.714, -0.968295
2.23958 -0.833333 -2.23958, 0
-2.09105 -2.09105 -2.09105, 0.389614
-0.833333 -2.23958 -2.23958, 0
0.833333 -2.23958 -2.23958, 0
2.09105 -2.09105 -2.09105, 0.389614
-2.23958 -2.23958 -0.833333, 0
-0.833333 -2.714 -0.833333, -0.968302
0.833333 -2.714 -0.833333, -0.968299
2.23958 -2.23958 -0.833333, 0
-2.23958 -2.23958 0.833333, 0
-0.833333 -2.714 0.833333, -0.968299
0.833333 -2.714 0.833333, -0.968295
2.23958 -2.23958 0.833333, 0
2.714 -0.833333 -0.833333, -0.968299
2.714 -0.833333 0.833333, -0.968299
2.714 0.833333 -0.833333, -0.968299
2.714 0.833333 0.833333, -0.968295
-2.714 -0.833333 -0.833333, -0.968302
-2.714 -0.833333 0.833333, -0.968299
-2.714 0.833333 -0.833333, -0.968299
-2.714 0.833333 0.833333, -0.968295
-0.424383 4.00926 0.424383, 0.334577
0.424383 4.00926 0.424383, 0.334577
0.424383 4.00926 -0.424383, 0.334577
-0.424383 4.00926 -0.424383, 0.334577
-0.424383 -0.424383 4.00926, 0.334577
0.424383 -0.424383 4.00926, 0.334577
0.424383 0.424383 4.00926, 0.334577
-0.424383 0.424383 4.00926, 0.334577
-4.00926 -0.424383 -0.424383, 0.334577
-4.00926 -0.424383 0.424383, 0.334577
-4.00926 0.424383 0.424383, 0.334577
-4.00926 0.424383 -0.424383, 0.334577
-0.424383 0.424383 -4.00926, 0.334577
0.424383 0.424383 -4.00926, 0.334577
0.424383 -0.424383 -4.00926, 0.334577
-0.424383 -0.424383 -4.00926, 0.334577
4.00926 -0.424383 -0.424383, 0.334577
4.00926 -0.424383 0.424383, 0.334577
4.00926 0.424383 -0.424383, 0.334577
4.00926 0.424383 0.424383, 0.334577
-0.424383 -4.00926 -0.424383, 0.334577
0.424383 -4.00926 -0.424383, 0.334577
0.424383 -4.00926 0.424383, 0.334577
-0.424383 -4.00926 0.424383, 0.334577
-1.62543 -2.22114 2.22114, 0.916909
-0 -2.23958 2.23958, 7.01909e-15
1.62543 -2.22114 2.22114, 0.916909
-1.64388 -0.833333 2.49287, -0.0157097
-0 -1.04818 2.79562, -0.803256
1.64388 -0.833333 2.49287, -0.0157097
-1.64388 0.833333 2.49287, -0.0157097
-0 1.04818 2.79562, -0.803256
1.64388 0.833333 2.49287, -0.0157097
-1.62543 2.22114 2.22114, 0.916909
-0 2.23958 2.23958, 0
1.62543 2.22114 2.22114, 0.916909
-1.64388 2.49287 0.833333, -0.0157097
-0 2.79562 1.04818, -0.803256
1.64388 2.49287 0.833333, -0.0157097
-1.64388 2.49287 -0.833333, -0.0157097
-0 2.79562 -1.04818, -0.803256
1.64388 2.49287 -0.833333, -0.0157097
-1.62543 2.22114 -2.22114, 0.916909
-0 2.23958 -2.23958, 0
1.62543 2.22114 -2.22114, 0.916909
-1.64388 0.833333 -2.49287, -0.0157097
-0 1.04818 -2.79562, -0.803256
1.64388 0.833333 -2.49287, -0.0157097
-1.64388 -0.833333 -2.49287, -0.0157097
-0 -1.04818 -2.79562, -0.803256
1.64388 -0.833333 -2.49287, -0.0157097
-1.62543 -2.22114 -2.22114, 0.916909
-0 -2.23958 -2.23958, 0
1.62543 -2.22114 -2.22114, 0.916909
-1.64388 -2.49287 -0.833333, -0.0157097
-0 -2.79562 -1.04818, -0.803256
1.64388 -2.49287 -0.833333, -0.0157097
-1.64388 -2.49287 0.833333, -0.0157097
-0 -2.79562 1.04818, -0.803256
1.64388 -2.49287 0.833333, -0.0157097
-2.22114 -1.62543 2.22114, 0.916909
-0.833333 -1.64388 2.49287, -0.0157097
0.833333 -1.64388 2.49287, -0.0157097
2.22114 -1.62543 2.22114, 0.916909
-2.23958 -0 2.23958, 7.01909e-15
-1.04818 -0 2.79562, -0.803256
1.04818 -0 2.79562, -0.803256
2.23958 -0 2.23958, 7.01909e-15
-2.22114 1.62543 2.22114, 0.916909
-0.833333 1.64388 2.49287, -0.0157097
0.833333 1.64388 2.49287, -0.0157097
2.22114 1.62543 2.22114, 0.916909
-2.22114 2.22114 1.62543, 0.916909
-0.833333 2.49287 1.64388, -0.0157097
0.833333 2.49287 1.64388, -0.0157097
2.22114 2.22114 1.62543, 0.916909
-2.23958 2.23958 0, 7.01909e-15
-1.04818 2.79562 0, -0.803256
1.04818 2.79562 0, -0.803256
2.23958 2.23958 0, 7.01909e-15
-2.22114 2.22114 -1.62543, 0.916909
-0.833333 2.49287 -1.64388, -0.0157097
0.833333 2.49287 -1.64388, -0.0157097
2.22114 2.22114 -1.62543, 0.916909
-2.22114 1.62543 -2.22114, 0.916909
-0.833333 1.64388 -2.49287, -0.0157097
0.833333 1.64388 -2.49287, -0.0157097
2.22114 1.62543 -2.22114, 0.916909
-2.23958 0 -2.23958, 7.01909e-15
-1.04818 0 -2.79562, -0.803256
1.04818 0 -2.79562, -0.803256
2.23958 0 -2.23958, 7.01909e-15
-2.22114 -1.62543 -2.22114, 0.916909
-0.833333 -1.64388 -2.49287, -0.0157097
0.833333 -1.64388 -2.49287, -0.0157097
2.22114 -1.62543 -2.22114, 0.916909
-2.22114 -2.22114 -1.62543, 0.916909
-0.833333 -2.49287 -1.64388, -0.0157097
0.833333 -2.49287 -1.64388, -0.0157097
2.22114 -2.22114 -1.62543, 0.916909
-2.23958 -2.23958 -0, 0
-1.04818 -2.79562 -0, -0.803256
1.04818 -2.79562 -0, -0.803256
2.23958 -2.23958 -0, 0
-2.22114 -2.22114 1.62543, 0.916909
-0.833333 -2.49287 1.64388, -0.0157097
0.833333 -2.49287 1.64388, -0.0157097
2.22114 -2.22114 1.62543, 0.916909
2.49287 -0.833333 -1.64388, -0.0157097
2.79562 -1.04818 -0, -0.803256
2.49287 -0.833333 1.64388, -0.0157097
2.49287 0.833333 -1.64388, -0.0157097
2.79562 1.04818 -0, -0.803256
2.49287 0.833333 1.64388, -0.0157097
2.49287 -1.64388 -0.833333, -0.0157097
2.49287 -1.64388 0.833333, -0.0157097
2.79562 -0 -1.04818, -0.803256
2.79562 -0 1.04818, -0.803256
2.49287 1.64388 -0.833333, -0.0157097
2.49287 1.64388 0.833333, -0.0157097
-2.49287 -0.833333 -1.64388, -0.0157097
-2.79562 -1.04818 -0, -0.803256
-2.49287 -0.833333 1.64388, -0.0157097
-2.49287 0.833333 -1.64388, -0.0157097
-2.79562 1.04818 -0, -0.803256
-2.49287 0.833333 1.64388, -0.0157097
-2.49287 -1.64388 -0.833333, -0.0157097
-2.49287 -1.64388 0.833333, -0.0157097
-2.79562 -0 -1.04818, -0.803256
-2.79562 -0 1.04818, -0.803256
-2.49287 1.64388 -0.833333, -0.0157097
-2.49287 1.64388 0.833333, -0.0157097
-0.577257 3.47333 0.577257, 0.0507106
0.577257 3.47333 0.577257, 0.0507178
-0 4.14323 0.536024, 2.72398
0.577257 3.47333 -0.577257, 0.050725
0.536024 4.14323 0, 2.72398
-0.577257 3.47333 -0.577257, 0.0507178
-0 4.14323 -0.536024, 2.72398
-0.536024 4.14323 0, 2.72398
-0.577257 -0.577257 3.47333, 0.0507106
0.577257 -0.577257 3.47333, 0.0507178
-0 -0.536024 4.14323, 2.72398
0.577257 0.577257 3.47333, 0.050725
0.536024 -0 4.14323, 2.72398
-0.577257 0.577257 3.47333, 0.0507178
-0 0.536024 4.14323, 2.72398
-0.536024 -0 4.14323, 2.72398
-3.47333 -0.577257 -0.577257, 0.0507106
-3.47333 -0.577257 0.577257, 0.0507178
-4.14323 -0.536024 -0, 2.72398
-3.47333 0.577257 0.577257, 0.050725
-4.14323 -0 0.536024, 2.72398
-3.47333 0.577257 -0.577257, 0.0507178
-4.14323 0.536024 -0, 2.72398
-4.14323 -0 -0.536024, 2.72398
-0.577257 0.577257 -3.47333, 0.0507106
0.577257 0.577257 -3.47333, 0.0507178
-0 0.536024 -4.14323, 2.72398
0.577257 -0.577257 -3.47333, 0.050725
0.536024 0 -4.14323, 2.72398
-0.577257 -0.577257 -3.47333, 0.0507178
-0 -0.536024 -4.14323, 2.72398
-0.536024 0 -4.14323, 2.72398
3.47333 -0.577257 -0.577257, 0.0507175
3.47333 -0.577257 0.577257, 0.0507178
4.14323 -0.536024 -0, 2.72398
3.47333 0.577257 -0.577257, 0.0507178
4.14323 -0 -0.536024, 2.72398
3.47333 0.577257 0.577257, 0.050725
4.14323 0.536024 -0, 2.72398
4.14323 -0 0.536024, 2.72398
-0.577257 -3.47333 -0.577257, 0.0507106
0.577257 -3.47333 -0.577257, 0.0507178
-0 -4.14323 -0.536024, 2.72398
0.577257 -3.47333 0.577257, 0.050725
0.536024 -4.14323 -0, 2.72398
-0.577257 -3.47333 0.577257, 0.0507178
-0 -4.14323 0.536024, 2.72398
-0.536024 -4.14323 -0, 2.72398
-1.63809 -1.63809 2.45114, 0.167784
-0 -1.66016 2.5024, -0.00128619
1.63809 -1.63809 2.45114, 0.167784
-1.66016 -0 2.5024, -0.00128619
-0 -0 4.37847, 1.83126
1.66016 -0 2.5024, -0.00128619
-1.63809 1.63809 2.45114, 0.167784
-0 1.66016 2.5024, -0.00128619
1.63809 1.63809 2.45114, 0.167784
-1.63809 2.45114 1.63809, 0.167784
-0 2.5024 1.66016, -0.00128619
1.63809 2.45114 1.63809, 0.167784
-1.66016 2.5024 0, -0.00128619
-0 4.37847 0, 1.83126
1.66016 2.5024 0, -0.00128619
-1.63809 2.45114 -1.63809, 0.167784
-0 2.5024 -1.66016, -0.00128619
1.63809 2.45114 -1.63809, 0.167784
-1.63809 1.63809 -2.45114, 0.167784
-0 1.66016 -2.5024, -0.00128619
1.63809 1.63809 -2.45114, 0.167784
-1.66016 0 -2.5024, -0.00128619
-0 0 -4.37847, 1.83126
1.66016 0 -2.5024, -0.00128619
-1.63809 -1.63809 -2.45114, 0.167784
-0 -1.66016 -2.5024, -0.00128619
1.63809 -1.63809 -2.45114, 0.167784
-1.63809 -2.45114 -1.63809, 0.167784
-0 -2.5024 -1.66016, -0.00128619
1.63809 -2.45114 -1.63809, 0.167784
-1.66016 -2.5024 -0, -0.00128619
-0 -4.37847 -0, 1.83126
1.66016 -2.5024 -0, -0.00128619
-1.63809 -2.45114 1.63809, 0.167784
-0 -2.5024 1.66016, -0.00128619
1.63809 -2.45114 1.63809, 0.167784
2.45114 -1.63809 -1.63809, 0.167784
2.5024 -1.66016 -0, -0.00128619
2.45114 -1.63809 1.63809, 0.167784
2.5024 -0 -1.66016, -0.00128619
4.37847 -0 -0, 1.83126
2.5024 -0 1.66016, -0.00128619
2.45114 1.63809 -1.63809, 0.167784
2.5024 1.66016 -0, -0.00128619
2.45114 1.63809 1.63809, 0.167784
-2.45114 -1.63809 -1.63809, 0.167784
-2.5024 -1.66016 -0, -0.00128619
-2.45114 -1.63809 1.63809, 0.167784
-2.5024 -0 -1.66016, -0.00128619
-4.37847 -0 -0, 1.83126
-2.5024 -0 1.66016, -0.00128619
-2.45114 1.63809 -1.63809, 0.167784
-2.5024 1.66016 -0, -0.00128619
-2.45114 1.63809 1.63809, 0.167784
-0 3.49111 0.782697, 0.00939124
0.782697 3.49111 0, 0.00939124
-0 3.49111 -0.782697, 0.00939124
-0.782697 3.49111 0, 0.00939124
-0 -0.782697 3.49111, 0.00939124
0.782697 -0 3.49111, 0.00939124
-0 0.782697 3.49111, 0.00939124
-0.782697 -0 3.49111, 0.00939124
-3.49111 -0.782697 -0, 0.00939124
-3.49111 -0 0.782697, 0.00939124
-3.49111 0.782697 -0, 0.00939124
-3.49111 -0 -0.782697, 0.00939124
-0 0.782697 -3.49111, 0.00939124
0.782697 0 -3.49111, 0.00939124
-0 -0.782697 -3.49111, 0.00939124
-0.782697 0 -3.49111, 0.00939124
3.49111 -0.782697 -0, 0.00939124
3.49111 -0 -0.782697, 0.00939124
3.49111 0.782697 -0, 0.00939124
3.49111 -0 0.782697, 0.00939124
-0 -3.49111 -0.782697, 0.00939124
0.782697 -3.49111 -0, 0.00939124
-0 -3.49111 0.782697, 0.00939124
-0.782697 -3.49111 -0, 0.00939124
-1.9184 -2.1658 2.1658, 1.61416
-1.25 -2.23958 2.23958, 0.281426
-0.416667 -2.23958 2.23958, 0
0.416667 -2.23958 2.23958, 0
1.25 -2.23958 2.23958, 0.281426
1.9184 -2.1658 2.1658, 1.61416
-1.97917 -0.833333 2.39583, -0.00216789
-1.26302 -0.833333 2.57562, -0.248252
-0.403646 -1.0026 2.77875, -0.964204
0.403646 -1.0026 2.77875, -0.964205
1.26302 -0.833333 2.57562, -0.248252
1.97917 -0.833333 2.39583, -0.00216789
-1.97917 0.833333 2.39583, -0.00216789
-1.26302 0.833333 2.57562, -0.248252
-0.403646 1.0026 2.77875, -0.964205
0.403646 1.0026 2.77875, -0.964205
1.26302 0.833333 2.57562, -0.248252
1.97917 0.833333 2.39583, -0.00216789
-1.9184 2.1658 2.1658, 1.61416
-1.25 2.23958 2.23958, 0.281426
-0.416667 2.23958 2.23958, 0
0.416667 2.23958 2.23958, 0
1.25 2.23958 2.23958, 0.281426
1.9184 2.1658 2.1658, 1.61416
-1.97917 2.39583 0.833333, -0.00216789
-1.26302 2.57562 0.833333, -0.248252
-0.403646 2.77875 1.0026, -0.964204
0.403646 2.77875 1.0026, -0.964205
1.26302 2.57562 0.833333, -0.248252
1.97917 2.39583 0.833333, -0.00216789
-1.97917 2.39583 -0.833333, -0.00216789
-1.26302 2.57562 -0.833333, -0.248252
-0.403646 2.77875 -1.0026, -0.964205
0.403646 2.77875 -1.0026, -0.964205
1.26302 2.57562 -0.833333, -0.248252
1.97917 2.39583 -0.833333, -0.00216789
-1.9184 2.1658 -2.1658, 1.61416
-1.25 2.23958 -2.23958, 0.281426
-0.416667 2.23958 -2.23958, 0
0.416667 2.23958 -2.23958, 0
1.25 2.23958 -2.23958, 0.281426
1.9184 2.1658 -2.1658, 1.61416
-1.97917 0.833333 -2.39583, -0.00216789
-1.26302 0.833333 -2.57562, -0.248252
-0.403646 1.0026 -2.77875, -0.964204
0.403646 1.0026 -2.77875, -0.964205
1.26302 0.833333 -2.57562, -0.248252
1.97917 0.833333 -2.39583, -0.00216789
-1.97917 -0.833333 -2.39583, -0.00216789
-1.26302 -0.833333 -2.57562, -0.248252
-0.403646 -1.0026 -2.77875, -0.964205
0.403646 -1.0026 -2.77875, -0.964205
1.26302 -0.833333 -2.57562, -0.248252
1.97917 -0.833333 -2.39583, -0.00216789
-1.9184 -2.1658 -2.1658, 1.61416
-1.25 -2.23958 -2.23958, 0.281426
-0.416667 -2.23958 -2.23958, 0
0.416667 -2.23958 -2.23958, 0
1.25 -2.23958 -2.23958, 0.281426
1.9184 -2.1658 -2.1658, 1.61416
-1.97917 -2.39583 -0.833333, -0.00216789
-1.26302 -2.57562 -0.833333, -0.248252
-0.403646 -2.77875 -1.0026, -0.964204
0.403646 -2.77875 -1.0026, -0.964205
1.26302 -2.57562 -0.833333, -0.248252
1.97917 -2.39583 -0.833333, -0.00216789
-1.97917 -2.39583 0.833333, -0.00216789
-1.26302 -2.57562 0.833333, -0.248252
-0.403646 -2.77875 1.0026, -0.964205
0.403646 -2.77875 1.0026, -0.964205
1.26302 -2.57562 0.833333, -0.248252
1.97917 -2.39583 0.833333, -0.00216789
-2.1658 -1.9184 2.1658, 1.61416
-2.23958 -1.25 2.23958, 0.281426
-0.833333 -1.97917 2.39583, -0.00216789
-0.833333 -1.26302 2.57562, -0.248252
0.833333 -1.97917 2.39583, -0.00216789
0.833333 -1.26302 2.57562, -0.248252
2.1658 -1.9184 2.1658, 1.61416
2.23958 -1.25 2.23958, 0.281426
-2.23958 -0.416667 2.23958, 0
-2.23958 0.416667 2.23958, 0
-1.0026 -0.403646 2.77875, -0.964204
-1.0026 0.403646 2.77875, -0.964205
1.0026 -0.403646 2.77875, -0.964205
1.0026 0.403646 2.77875, -0.964205
2.23958 -0.416667 2.23958, 0
2.23958 0.416667 2.23958, 0
-2.23958 1.25 2.23958, 0.281426
-2.1658 1.9184 2.1658, 1.61416
-0.833333 1.26302 2.57562, -0.248252
-0.833333 1.97917 2.39583, -0.00216789
0.833333 1.26302 2.57562, -0.248252
0.833333 1.97917 2.39583, -0.00216789
2.23958 1.25 2.23958, 0.281426
2.1658 1.9184 2.1658, 1.61416
-2.1658 2.1658 1.9184, 1.61416
-2.23958 2.23958 1.25, 0.281426
-0.833333 2.39583 1.97917, -0.00216789
-0.833333 2.57562 1.26302, -0.248252
0.833333 2.39583 1.97917, -0.00216789
0.833333 2.57562 1.26302, -0.248252
2.1658 2.1658 1.9184, 1.61416
2.23958 2.23958 1.25, 0.281426
-2.23958 2.23958 0.416667, 0
-2.23958 2.23958 -0.416667, 0
-1.0026 2.77875 0.403646, -0.964204
-1.0026 2.77875 -0.403646, -0.964205
1.0026 2.77875 0.403646, -0.964205
1.0026 2.77875 -0.403646, -0.964205
2.23958 2.23958 0.416667, 0
2.23958 2.23958 -0.416667, 0
-2.23958 2.23958 -1.25, 0.281426
-2.1658 2.1658 -1.9184, 1.61416
-0.833333 2.57562 -1.26302, -0.248252
-0.833333 2.39583 -1.97917, -0.00216789
0.833333 2.57562 -1.26302, -0.248252
0.833333 2.39583 -1.97917, -0.00216789
2.23958 2.23958 -1.25, 0.281426
2.1658 2.1658 -1.9184, 1.61416
-2.1658 1.9184 -2.1658, 1.61416
-2.23958 1.25 -2.23958, 0.281426
-0.833333 1.97917 -2.39583, -0.00216789
-0.833333 1.26302 -2.57562, -0.248252
0.833333 1.97917 -2.39583, -0.00216789
0.833333 1.26302 -2.57562, -0.248252
2.1658 1.9184 -2.1658, 1.61416
2.23958 1.25 -2.23958, 0.281426
-2.23958 0.416667 -2.23958, 0
-2.23958 -0.416667 -2.23958, 0
-1.0026 0.403646 -2.77875, -0.964204
-1.0026 -0.403646 -2.77875, -0.964205
1.0026 0.403646 -2.77875, -0.964205
1.0026 -0.403646 -2.77875, -0.964205
2.23958 0.416667 -2.23958, 0
2.23958 -0.416667 -2.23958, 0
-2.23958 -1.25 -2.23958, 0.281426
-2.1658 -1.9184 -2.1658, 1.61416
-0.833333 -1.26302 -2.57562, -0.248252
-0.833333 -1.97917 -2.39583, -0.00216789
0.833333 -1.26302 -2.57562, -0.248252
0.833333 -1.97917 -2.39583, -0.00216789
2.23958 -1.25 -2.23958, 0.281426
2.1658 -1.9184 -2.1658, 1.61416
-2.1658 -2.1658 -1.9184, 1.61416
-2.23958 -2.23958 -1.25, 0.281426
-0.833333 -2.39583 -1.97917, -0.00216789
-0.833333 -2.57562 -1.26302, -0.248252
0.833333 -2.39583 -1.97917, -0.00216789
0.833333 -2.57562 -1.26302, -0.248252
2.1658 -2.1658 -1.9184, 1.61416
2.23958 -2.23958 -1.25, 0.281426
-2.23958 -2.23958 -0.416667, 0
-2.23958 -2.23958 0.416667, 0
-1.0026 -2.77875 -0.403646, -0.964204
-1.0026 -2.77875 0.403646, -0.964205
1.0026 -2.77875 -0.403646, -0.964205
1.0026 -2.77875 0.403646, -0.964205
2.23958 -2.23958 -0.416667, 0
2.23958 -2.23958 0.416667, 0
-2.23958 -2.23958 1.25, 0.281426
-2.1658 -2.1658 1.9184, 1.61416
-0.833333 -2.57562 1.26302, -0.248252
-0.833333 -2.39583 1.97917, -0.00216789
0.833333 -2.57562 1.26302, -0.248252
0.833333 -2.39583 1.97917, -0.00216789
2.23958 -2.23958 1.25, 0.281426
2.1658 -2.1658 1.9184, 1.61416
2.39583 -0.833333 -1.97917, -0.00216789
2.57562 -0.833333 -1.26302, -0.248252
2.77875 -1.0026 -0.403646, -0.964205
2.77875 -1.0026 0.403646, -0.964205
2.57562 -0.833333 1.26302, -0.248252
2.39583 -0.833333 1.97917, -0.00216789
2.39583 0.833333 -1.97917, -0.00216789
2.57562 0.833333 -1.26302, -0.248252
2.77875 1.0026 -0.403646, -0.964205
2.77875 1.0026 0.403646, -0.964205
2.57562 0.833333 1.26302, -0.248252
2.39583 0.833333 1.97917, -0.00216789
2.39583 -1.97917 -0.833333, -0.00216789
2.57562 -1.26302 -0.833333, -0.248252
2.39583 -1.97917 0.833333, -0.00216789
2.57562 -1.26302 0.833333, -0.248252
2.77875 -0.403646 -1.0026, -0.964205
2.77875 0.403646 -1.0026, -0.964205
2.77875 -0.403646 1.0026, -0.964205
2.77875 0.403646 1.0026, -0.964205
2.57562 1.26302 -0.833333, -0.248252
2.39583 1.97917 -0.833333, -0.00216789
2.57562 1.26302 0.833333, -0.248252
2.39583 1.97917 0.833333, -0.00216789
-2.39583 -0.833333 -1.97917, -0.00216789
-2.57562 -0.833333 -1.26302, -0.248252
-2.77875 -1.0026 -0.403646, -0.964204
-2.77875 -1.0026 0.403646, -0.964205
-2.57562 -0.833333 1.26302, -0.248252
-2.39583 -0.833333 1.97917, -0.00216789
-2.39583 0.833333 -1.97917, -0.00216789
-2.57562 0.833333 -1.26302, -0.248252
-2.77875 1.0026 -0.403646, -0.964205
-2.77875 1.0026 0.403646, -0.964205
-2.57562 0.833333 1.26302, -0.248252
-2.39583 0.833333 1.97917, -0.00216789
-2.39583 -1.97917 -0.833333, -0.00216789
-2.57562 -1.26302 -0.833333, -0.248252
-2.39583 -1.97917 0.833333, -0.00216789
-2.57562 -1.26302 0.833333, -0.248252
-2.77875 -0.403646 -1.0026, -0.964204
-2.77875 0.403646 -1.0026, -0.964205
-2.77875 -0.403646 1.0026, -0.964205
-2.77875 0.403646 1.0026, -0.964205
-2.57562 1.26302 -0.833333, -0.248252
-2.39583 1.97917 -0.833333, -0.00216789
-2.57562 1.26302 0.833333, -0.248252
-2.39583 1.97917 0.833333, -0.00216789
-0.664063 3.09125 0.664063, -0.787155
-0.499132 3.80208 0.499132, 0.683688
0.664062 3.09125 0.664063, -0.78716
0.499132 3.80208 0.499132, 0.683687
-0.251736 4.09896 0.499132, 2.05571
0.251736 4.09896 0.499132, 2.05571
0.664062 3.09125 -0.664062, -0.787164
0.499132 3.80208 -0.499132, 0.683687
0.499132 4.09896 0.251736, 2.05571
0.499132 4.09896 -0.251736, 2.05571
-0.664063 3.09125 -0.664062, -0.78716
-0.499132 3.80208 -0.499132, 0.683687
-0.251736 4.09896 -0.499132, 2.05571
0.251736 4.09896 -0.499132, 2.05571
-0.499132 4.09896 0.251736, 2.05571
-0.499132 4.09896 -0.251736, 2.05571
-0.664063 -0.664063 3.09125, -0.787155
-0.499132 -0.499132 3.80208, 0.683688
0.664062 -0.664063 3.09125, -0.78716
0.499132 -0.499132 3.80208, 0.683687
-0.251736 -0.499132 4.09896, 2.05571
0.251736 -0.499132 4.09896, 2.05571
0.664062 0.664062 3.09125, -0.787164
0.499132 0.499132 3.80208, 0.683687
0.499132 -0.251736 4.09896, 2.05571
0.499132 0.251736 4.09896, 2.05571
-0.664063 0.664062 3.09125, -0.78716
-0.499132 0.499132 3.80208, 0.683687
-0.251736 0.499132 4.09896, 2.05571
0.251736 0.499132 4.09896, 2.05571
-0.499132 -0.251736 4.09896, 2.05571
-0.499132 0.251736 4.09896, 2.05571
-3.09125 -0.664063 -0.664063, -0.787155
-3.80208 -0.499132 -0.499132, 0.683688
-3.09125 -0.664063 0.664062, -0.78716
-3.80208 -0.499132 0.499132, 0.683687
-4.09896 -0.499132 -0.251736, 2.05571
-4.09896 -0.499132 0.251736, 2.05571
-3.09125 0.664062 0.664062, -0.787164
-3.80208 0.499132 0.499132, 0.683687
-4.09896 -0.251736 0.499132, 2.05571
-4.09896 0.251736 0.499132, 2.05571
-3.09125 0.664062 -0.664063, -0.78716
-3.80208 0.499132 -0.499132, 0.683687
-4.09896 0.499132 -0.251736, 2.05571
-4.09896 0.499132 0.251736, 2.05571
-4.09896 -0.251736 -0.499132, 2.05571
-4.09896 0.251736 -0.499132, 2.05571
-0.664063 0.664063 -3.09125, -0.787155
-0.499132 0.499132 -3.80208, 0.683688
0.664062 0.664063 -3.09125, -0.78716
0.499132 0.499132 -3.80208, 0.683687
-0.251736 0.499132 -4.09896, 2.05571
0.251736 0.499132 -4.09896, 2.05571
0.664062 -0.664062 -3.09125, -0.787164
0.499132 -0.499132 -3.80208, 0.683687
0.499132 0.251736 -4.09896, 2.05571
0.499132 -0.251736 -4.09896, 2.05571
-0.664063 -0.664062 -3.09125, -0.78716
-0.499132 -0.499132 -3.80208, 0.683687
-0.251736 -0.499132 -4.09896, 2.05571
0.251736 -0.499132 -4.09896, 2.05571
-0.499132 0.251736 -4.09896, 2.05571
-0.499132 -0.251736 -4.09896, 2.05571
3.09125 -0.664062 -0.664063, -0.78716
3.80208 -0.499132 -0.499132, 0.683688
3.09125 -0.664063 0.664062, -0.78716
3.80208 -0.499132 0.499132, 0.683687
4.09896 -0.499132 -0.251736, 2.05571
4.09896 -0.499132 0.251736, 2.05571
3.09125 0.664062 -0.664063, -0.78716
3.80208 0.499132 -0.499132, 0.683687
4.09896 -0.251736 -0.499132, 2.05571
4.09896 0.251736 -0.499132, 2.05571
3.09125 0.664062 0.664062, -0.787164
3.80208 0.499132 0.499132, 0.683687
4.09896 0.499132 -0.251736, 2.05571
4.09896 0.499132 0.251736, 2.05571
4.09896 -0.251736 0.499132, 2.05571
4.09896 0.251736 0.499132, 2.05571
-0.664063 -3.09125 -0.664063, -0.787155
-0.499132 -3.80208 -0.499132, 0.683688
0.664062 -3.09125 -0.664063, -0.78716
0.499132 -3.80208 -0.499132, 0.683687
-0.251736 -4.09896 -0.499132, 2.05571
0.251736 -4.09896 -0.499132, 2.05571
0.664062 -3.09125 0.664062, -0.787164
0.499132 -3.80208 0.499132, 0.683687
0.499132 -4.09896 -0.251736, 2.05571
0.499132 -4.09896 0.251736, 2.05571
-0.664063 -3.09125 0.664062, -0.78716
-0.499132 -3.80208 0.499132, 0.683687
-0.251736 -4.09896 0.499132, 2.05571
0.251736 -4.09896 0.499132, 2.05571
-0.499132 -4.09896 -0.251736, 2.05571
-0.499132 -4.09896 0.251736, 2.05571
-1.6305 -1.96904 2.37268, 0.480092
-1.25 -1.64062 2.48396, 0.017993
-1.64062 -1.25 2.48396, 0.017993
-1.96904 -1.6305 2.37268, 0.480092
-0 -1.97917 2.39583, 0
0.416667 -1.65365 2.49958, -0.00451717
-0 -1.32812 2.61375, -0.189148
-0.416667 -1.65365 2.49958, -0.00451717
1.6305 -1.96904 2.37268, 0.480092
1.96904 -1.6305 2.37268, 0.480092
1.64062 -1.25 2.48396, 0.017993
1.25 -1.64062 2.48396, 0.017993
-1.65365 -0.416667 2.49958, -0.00451717
-1.32812 -0 2.61375, -0.189148
-1.65365 0.416667 2.49958, -0.00451717
-1.97917 -0 2.39583, 0
-0 -0.292245 4.31945, 2.25057
0.292245 -0 4.31945, 2.25057
-0 0.292245 4.31945, 2.25057
-0.292245 -0 4.31945, 2.25057
1.65365 -0.416667 2.49958, -0.00451717
1.97917 -0 2.39583, 0
1.65365 0.416667 2.49958, -0.00451717
1.32812 -0 2.61375, -0.189148
-1.64062 1.25 2.48396, 0.017993
-1.25 1.64062 2.48396, 0.017993
-1.6305 1.96904 2.37268, 0.480092
-1.96904 1.6305 2.37268, 0.480092
-0 1.32812 2.61375, -0.189148
0.416667 1.65365 2.49958, -0.00451717
-0 1.97917 2.39583, 0
-0.416667 1.65365 2.49958, -0.00451717
1.64062 1.25 2.48396, 0.017993
1.96904 1.6305 2.37268, 0.480092
1.6305 1.96904 2.37268, 0.480092
1.25 1.64062 2.48396, 0.017993
-1.6305 2.37268 1.96904, 0.480092
-1.25 2.48396 1.64062, 0.017993
-1.64062 2.48396 1.25, 0.017993
-1.96904 2.37268 1.6305, 0.480092
-0 2.39583 1.97917, 0
0.416667 2.49958 1.65365, -0.00451717
-0 2.61375 1.32812, -0.189148
-0.416667 2.49958 1.65365, -0.00451717
1.6305 2.37268 1.96904, 0.480092
1.96904 2.37268 1.6305, 0.480092
1.64062 2.48396 1.25, 0.017993
1.25 2.48396 1.64062, 0.017993
-1.65365 2.49958 0.416667, -0.00451717
-1.32812 2.61375 0, -0.189148
-1.65365 2.49958 -0.416667, -0.00451717
-1.97917 2.39583 0, 0
-0 4.31945 0.292245, 2.25057
0.292245 4.31945 0, 2.25057
-0 4.31945 -0.292245, 2.25057
-0.292245 4.31945 0, 2.25057
1.65365 2.49958 0.416667, -0.00451717
1.97917 2.39583 0, 0
1.65365 2.49958 -0.416667, -0.00451717
1.32812 2.61375 0, -0.189148
-1.64062 2.48396 -1.25, 0.017993
-1.25 2.48396 -1.64062, 0.017993
-1.6305 2.37268 -1.96904, 0.480092
-1.96904 2.37268 -1.6305, 0.480092
-0 2.61375 -1.32812, -0.189148
0.416667 2.49958 -1.65365, -0.00451717
-0 2.39583 -1.97917, 0
-0.416667 2.49958 -1.65365, -0.00451717
1.64062 2.48396 -1.25, 0.017993
1.96904 2.37268 -1.6305, 0.480092
1.6305 2.37268 -1.96904, 0.480092
1.25 2.48396 -1.64062, 0.017993
-1.6305 1.96904 -2.37268, 0.480092
-1.25 1.64062 -2.48396, 0.017993
-1.64062 1.25 -2.48396, 0.017993
-1.96904 1.6305 -2.37268, 0.480092
-0 1.97917 -2.39583, 0
0.416667 1.65365 -2.49958, -0.00451717
-0 1.32812 -2.61375, -0.189148
-0.416667 1.65365 -2.49958, -0.00451717
1.6305 1.96904 -2.37268, 0.480092
1.96904 1.6305 -2.37268, 0.480092
1.64062 1.25 -2.48396, 0.017993
1.25 1.64062 -2.48396, 0.017993
-1.65365 0.416667 -2.49958, -0.00451717
-1.32812 0 -2.61375, -0.189148
-1.65365 -0.416667 -2.49958, -0.00451717
-1.97917 0 -2.39583, 0
-0 0.292245 -4.31945, 2.25057
0.292245 0 -4.31945, 2.25057
-0 -0.292245 -4.31945, 2.25057
-0.292245 0 -4.31945, 2.25057
1.65365 0.416667 -2.49958, -0.00451717
1.97917 0 -2.39583, 0
1.65365 -0.416667 -2.49958, -0.00451717
1.32812 0 -2.61375, -0.189148
-1.64062 -1.25 -2.48396, 0.017993
-1.25 -1.64062 -2.48396, 0.017993
-1.6305 -1.96904 -2.37268, 0.480092
-1.96904 -1.6305 -2.37268, 0.480092
-0 -1.32812 -2.61375, -0.189148
0.416667 -1.65365 -2.49958, -0.00451717
-0 -1.97917 -2.39583, 0
-0.416667 -1.65365 -2.49958, -0.00451717
1.64062 -1.25 -2.48396, 0.017993
1.96904 -1.6305 -2.37268, 0.480092
1.6305 -1.96904 -2.37268, 0.480092
1.25 -1.64062 -2.48396, 0.017993
-1.6305 -2.37268 -1.96904, 0.480092
-1.25 -2.48396 -1.64062, 0.017993
-1.64062 -2.48396 -1.25, 0.017993
-1.96904 -2.37268 -1.6305, 0.480092
-0 -2.39583 -1.97917, 0
0.416667 -2.49958 -1.65365, -0.00451717
-0 -2.61375 -1.32812, -0.189148
-0.416667 -2.49958 -1.65365, -0.00451717
1.6305 -2.37268 -1.96904, 0.480092
1.96904 -2.37268 -1.6305, 0.480092
1.64062 -2.48396 -1.25, 0.017993
1.25 -2.48396 -1.64062, 0.017993
-1.65365 -2.49958 -0.416667, -0.00451717
-1.32812 -2.61375 -0, -0.189148
-1.65365 -2.49958 0.416667, -0.00451717
-1.97917 -2.39583 -0, 0
-0 -4.31945 -0.292245, 2.25057
0.292245 -4.31945 -0, 2.25057
-0 -4.31945 0.292245, 2.25057
-0.292245 -4.31945 -0, 2.25057
1.65365 -2.49958 -0.416667, -0.00451717
1.97917 -2.39583 -0, 0
1.65365 -2.49958 0.416667, -0.00451717
1.32812 -2.61375 -0, -0.189148
-1.64062 -2.48396 1.25, 0.017993
-1.25 -2.48396 1.64062, 0.017993
-1.6305 -2.37268 1.96904, 0.480092
-1.96904 -2.37268 1.6305, 0.480092
-0 -2.61375 1.32812, -0.189148
0.416667 -2.49958 1.65365, -0.00451717
-0 -2.39583 1.97917, 0
-0.416667 -2.49958 1.65365, -0.00451717
1.64062 -2.48396 1.25, 0.017993
1.96904 -2.37268 1.6305, 0.480092
1.6305 -2.37268 1.96904, 0.480092
1.25 -2.48396 1.64062, 0.017993
2.37268 -1.96904 -1.6305, 0.480092
2.37268 -1.6305 -1.96904, 0.480092
2.48396 -1.25 -1.64062, 0.017993
2.48396 -1.64062 -1.25, 0.017993
2.39583 -1.97917 -0, 0
2.49958 -1.65365 -0.416667, -0.00451717
2.61375 -1.32812 -0, -0.189148
2.49958 -1.65365 0.416667, -0.00451717
2.37268 -1.96904 1.6305, 0.480092
2.48396 -1.64062 1.25, 0.017993
2.48396 -1.25 1.64062, 0.017993
2.37268 -1.6305 1.96904, 0.480092
2.49958 -0.416667 -1.65365, -0.00451717
2.39583 0 -1.97917, 0
2.49958 0.416667 -1.65365, -0.00451717
2.61375 -0 -1.32812, -0.189148
4.31945 -0.292245 -0, 2.25057
4.31945 -0 -0.292245, 2.25057
4.31945 0.292245 -0, 2.25057
4.31945 -0 0.292245, 2.25057
2.49958 -0.416667 1.65365, -0.00451717
2.61375 -0 1.32812, -0.189148
2.49958 0.416667 1.65365, -0.00451717
2.39583 -0 1.97917, 0
2.48396 1.25 -1.64062, 0.017993
2.37268 1.6305 -1.96904, 0.480092
2.37268 1.96904 -1.6305, 0.480092
2.48396 1.64062 -1.25, 0.017993
2.61375 1.32812 -0, -0.189148
2.49958 1.65365 -0.416667, -0.00451717
2.39583 1.97917 0, 0
2.49958 1.65365 0.416667, -0.00451717
2.48396 1.25 1.64062, 0.017993
2.48396 1.64062 1.25, 0.017993
2.37268 1.96904 1.6305, 0.480092
2.37268 1.6305 1.96904, 0.480092
-2.37268 -1.96904 -1.6305, 0.480092
-2.48396 -1.64062 -1.25, 0.017993
-2.48396 -1.25 -1.64062, 0.017993
-2.37268 -1.6305 -1.96904, 0.480092
-2.39583 -1.97917 -0, 0
-2.49958 -1.65365 0.416667, -0.00451717
-2.61375 -1.32812 -0, -0.189148
-2.49958 -1.65365 -0.416667, -0.00451717
-2.37268 -1.96904 1.6305, 0.480092
-2.37268 -1.6305 1.96904, 0.480092
-2.48396 -1.25 1.64062, 0.017993
-2.48396 -1.64062 1.25, 0.017993
-2.49958 -0.416667 -1.65365, -0.00451717
-2.61375 -0 -1.32812, -0.189148
-2.49958 0.416667 -1.65365, -0.00451717
-2.39583 0 -1.97917, 0
-4.31945 -0.292245 -0, 2.25057
-4.31945 -0 0.292245, 2.25057
-4.31945 0.292245 -0, 2.25057
-4.31945 -0 -0.292245, 2.25057
-2.49958 -0.416667 1.65365, -0.00451717
-2.39583 -0 1.97917, 0
-2.49958 0.416667 1.65365, -0.00451717
-2.61375 -0 1.32812, -0.189148
-2.48396 1.25 -1.64062, 0.017993
-2.48396 1.64062 -1.25, 0.017993
-2.37268 1.96904 -1.6305, 0.480092
-2.37268 1.6305 -1.96904, 0.480092
-2.61375 1.32812 -0, -0.189148
-2.49958 1.65365 0.416667, -0.00451717
-2.39583 1.97917 0, 0
-2.49958 1.65365 -0.416667, -0.00451717
-2.48396 1.25 1.64062, 0.017993
-2.37268 1.6305 1.96904, 0.480092
-2.37268 1.96904 1.6305, 0.480092
-2.48396 1.64062 1.25, 0.017993
-0 3.11375 0.885417, -0.431715
0.315393 3.48222 0.73206, 0.0211024
-0 3.85069 0.68287, 0.767435
-0.315394 3.48222 0.73206, 0.0211083
0.885417 3.11375 0, -0.431715
0.73206 3.48222 -0.315393, 0.0211024
0.68287 3.85069 0, 0.767435
0.73206 3.48222 0.315394, 0.0211083
-0 3.11375 -0.885417, -0.431715
-0.315394 3.48222 -0.73206, 0.0211083
-0 3.85069 -0.68287, 0.767435
0.315393 3.48222 -0.73206, 0.0211024
-0.885417 3.11375 0, -0.431715
-0.73206 3.48222 0.315394, 0.0211083
-0.68287 3.85069 0, 0.767435
-0.73206 3.48222 -0.315393, 0.0211024
-0 -0.885417 3.11375, -0.431715
0.315393 -0.73206 3.48222, 0.0211024
-0 -0.68287 3.85069, 0.767435
-0.315394 -0.73206 3.48222, 0.0211083
0.885417 -0 3.11375, -0.431715
0.73206 0.315393 3.48222, 0.0211024
0.68287 -0 3.85069, 0.767435
0.73206 -0.315394 3.48222, 0.0211083
-0 0.885417 3.11375, -0.431715
-0.315394 0.73206 3.48222, 0.0211083
-0 0.68287 3.85069, 0.767435
0.315393 0.73206 3.48222, 0.0211024
-0.885417 -0 3.11375, -0.431715
-0.73206 -0.315394 3.48222, 0.0211083
-0.68287 -0 3.85069, 0.767435
-0.73206 0.315393 3.48222, 0.0211024
-3.11375 -0.885417 -0, -0.431715
-3.48222 -0.73206 0.315393, 0.0211024
-3.85069 -0.68287 -0, 0.767435
-3.48222 -0.73206 -0.315394, 0.0211083
-3.11375 -0 0.885417, -0.431715
-3.48222 0.315393 0.73206, 0.0211024
-3.85069 -0 0.68287, 0.767435
-3.48222 -0.315394 0.73206, 0.0211083
-3.11375 0.885417 -0, -0.431715
-3.48222 0.73206 -0.315394, 0.0211083
-3.85069 0.68287 -0, 0.767435
-3.48222 0.73206 0.315393, 0.0211024
-3.11375 -0 -0.885417, -0.431715
-3.48222 -0.315394 -0.73206, 0.0211083
-3.85069 -0 -0.68287, 0.767435
-3.48222 0.315393 -0.73206, 0.0211024
-0 0.885417 -3.11375, -0.431715
0.315393 0.73206 -3.48222, 0.0211024
-0 0.68287 -3.85069, 0.767435
-0.315394 0.73206 -3.48222, 0.0211083
0.885417 0 -3.11375, -0.431715
0.73206 -0.315393 -3.48222, 0.0211024
0.68287 0 -3.85069, 0.767435
0.73206 0.315394 -3.48222, 0.0211083
-0 -0.885417 -3.11375, -0.431715
-0.315394 -0.73206 -3.48222, 0.0211083
-0 -0.68287 -3.85069, 0.767435
0.315393 -0.73206 -3.48222, 0.0211024
-0.885417 0 -3.11375, -0.431715
-0.73206 0.315394 -3.48222, 0.0211083
-0.68287 0 -3.85069, 0.767435
-0.73206 -0.315393 -3.48222, 0.0211024
3.11375 -0.885417 -0, -0.431715
3.48222 -0.73206 -0.315394, 0.0211083
3.85069 -0.68287 -0, 0.767435
3.48222 -0.73206 0.315393, 0.0211024
3.11375 -0 -0.885417, -0.431715
3.48222 0.315393 -0.73206, 0.0211024
3.85069 -0 -0.68287, 0.767435
3.48222 -0.315394 -0.73206, 0.0211083
3.11375 0.885417 -0, -0.431715
3.48222 0.73206 0.315393, 0.0211024
3.85069 0.68287 -0, 0.767435
3.48222 0.73206 -0.315394, 0.0211083
3.11375 -0 0.885417, -0.431715
3.48222 -0.315394 0.73206, 0.0211083
3.85069 -0 0.68287, 0.767435
3.48222 0.315393 0.73206, 0.0211024
-0 -3.11375 -0.885417, -0.431715
0.315393 -3.48222 -0.73206, 0.0211024
-0 -3.85069 -0.68287, 0.767435
-0.315394 -3.48222 -0.73206, 0.0211083
0.885417 -3.11375 -0, -0.431715
0.73206 -3.48222 0.315393, 0.0211024
0.68287 -3.85069 -0, 0.767435
0.73206 -3.48222 -0.315394, 0.0211083
-0 -3.11375 0.885417, -0.431715
-0.315394 -3.48222 0.73206, 0.0211083
-0 -3.85069 0.68287, 0.767435
0.315393 -3.48222 0.73206, 0.0211024
-0.885417 -3.11375 -0, -0.431715
-0.73206 -3.48222 -0.315394, 0.0211083
-0.68287 -3.85069 -0, 0.767435
-0.73206 -3.48222 0.315393, 0.0211024
-1.25 -1.97917 2.39583, 0.143022
-1.25 -1.25 2.54, 0.0174147
-1.97917 -1.25 2.39583, 0.143022
-1.93866 -1.93866 2.30324, 0.991673
0.416667 -1.97917 2.39583, -0.000577196
0.416667 -1.30208 2.6025, -0.0968715
-0.416667 -1.30208 2.6025, -0.0968715
-0.416667 -1.97917 2.39583, -0.000577196
1.93866 -1.93866 2.30324, 0.991673
1.97917 -1.25 2.39583, 0.143022
1.25 -1.25 2.54, 0.0174147
1.25 -1.97917 2.39583, 0.143022
-1.30208 -0.416667 2.6025, -0.0968715
-1.30208 0.416667 2.6025, -0.0968715
-1.97917 0.416667 2.39583, -0.000577196
-1.97917 -0.416667 2.39583, -0.000577196
0.271991 -0.271991 4.26389, 1.98386
0.271991 0.271991 4.26389, 1.98386
-0.271991 0.271991 4.26389, 1.98386
-0.271991 -0.271991 4.26389, 1.98386
1.97917 -0.416667 2.39583, -0.000577196
1.97917 0.416667 2.39583, -0.000577196
1.30208 0.416667 2.6025, -0.0968715
1.30208 -0.416667 2.6025, -0.0968715
-1.25 1.25 2.54, 0.0174147
-1.25 1.97917 2.39583, 0.143022
-1.93866 1.93866 2.30324, 0.991673
-1.97917 1.25 2.39583, 0.143022
0.416667 1.30208 2.6025, -0.0968715
0.416667 1.97917 2.39583, -0.000577196
-0.416667 1.97917 2.39583, -0.000577196
-0.416667 1.30208 2.6025, -0.0968715
1.97917 1.25 2.39583, 0.143022
1.93866 1.93866 2.30324, 0.991673
1.25 1.97917 2.39583, 0.143022
1.25 1.25 2.54, 0.0174147
-1.25 2.39583 1.97917, 0.143022
-1.25 2.54 1.25, 0.0174147
-1.97917 2.39583 1.25, 0.143022
-1.93866 2.30324 1.93866, 0.991673
0.416667 2.39583 1.97917, -0.000577196
0.416667 2.6025 1.30208, -0.0968715
-0.416667 2.6025 1.30208, -0.0968715
-0.416667 2.39583 1.97917, -0.000577196
1.93866 2.30324 1.93866, 0.991673
1.97917 2.39583 1.25, 0.143022
1.25 2.54 1.25, 0.0174147
1.25 2.39583 1.97917, 0.143022
-1.30208 2.6025 0.416667, -0.0968715
-1.30208 2.6025 -0.416667, -0.0968715
-1.97917 2.39583 -0.416667, -0.000577196
-1.97917 2.39583 0.416667, -0.000577196
0.271991 4.26389 0.271991, 1.98386
0.271991 4.26389 -0.271991, 1.98386
-0.271991 4.26389 -0.271991, 1.98386
-0.271991 4.26389 0.271991, 1.98386
1.97917 2.39583 0.416667, -0.000577196
1.97917 2.39583 -0.416667, -0.000577196
1.30208 2.6025 -0.416667, -0.0968715
1.30208 2.6025 0.416667, -0.0968715
-1.25 2.54 -1.25, 0.0174147
-1.25 2.39583 -1.97917, 0.143022
-1.93866 2.30324 -1.93866, 0.991673
-1.97917 2.39583 -1.25, 0.143022
0.416667 2.6025 -1.30208, -0.0968715
0.416667 2.39583 -1.97917, -0.000577196
-0.416667 2.39583 -1.97917, -0.000577196
-0.416667 2.6025 -1.30208, -0.0968715
1.97917 2.39583 -1.25, 0.143022
1.93866 2.30324 -1.93866, 0.991673
1.25 2.39583 -1.97917, 0.143022
1.25 2.54 -1.25, 0.0174147
-1.25 1.97917 -2.39583, 0.143022
-1.25 1.25 -2.54, 0.0174147
-1.97917 1.25 -2.39583, 0.143022
-1.93866 1.93866 -2.30324, 0.991673
0.416667 1.97917 -2.39583, -0.000577196
0.416667 1.30208 -2.6025, -0.0968715
-0.416667 1.30208 -2.6025, -0.0968715
-0.416667 1.97917 -2.39583, -0.000577196
1.93866 1.93866 -2.30324, 0.991673
1.97917 1.25 -2.39583, 0.143022
1.25 1.25 -2.54, 0.0174147
1.25 1.97917 -2.39583, 0.143022
-1.30208 0.416667 -2.6025, -0.0968715
-1.30208 -0.416667 -2.6025, -0.0968715
-1.97917 -0.416667 -2.39583, -0.000577196
-1.97917 0.416667 -2.39583, -0.000577196
0.271991 0.271991 -4.26389, 1.98386
0.271991 -0.271991 -4.26389, 1.98386
-0.271991 -0.271991 -4.26389, 1.98386
-0.271991 0.271991 -4.26389, 1.98386
1.97917 0.416667 -2.39583, -0.000577196
1.97917 -0.416667 -2.39583, -0.000577196
1.30208 -0.416667 -2.6025, -0.0968715
1.30208 0.416667 -2.6025, -0.0968715
-1.25 -1.25 -2.54, 0.0174147
-1.25 -1.97917 -2.39583, 0.143022
-1.93866 -1.93866 -2.30324, 0.991673
-1.97917 -1.25 -2.39583, 0.143022
0.416667 -1.30208 -2.6025, -0.0968715
0.416667 -1.97917 -2.39583, -0.000577196
-0.416667 -1.97917 -2.39583, -0.000577196
-0.416667 -1.30208 -2.6025, -0.0968715
1.97917 -1.25 -2.39583, 0.143022
1.93866 -1.93866 -2.30324, 0.991673
1.25 -1.97917 -2.39583, 0.143022
1.25 -1.25 -2.54, 0.0174147
-1.25 -2.39583 -1.97917, 0.143022
-1.25 -2.54 -1.25, 0.0174147
-1.97917 -2.39583 -1.25, 0.143022
-1.93866 -2.30324 -1.93866, 0.991673
0.416667 -2.39583 -1.97917, -0.000577196
0.416667 -2.6025 -1.30208, -0.0968715
-0.416667 -2.6025 -1.30208, -0.0968715
-0.416667 -2.39583 -1.97917, -0.000577196
1.93866 -2.30324 -1.93866, 0.991673
1.97917 -2.39583 -1.25, 0.143022
1.25 -2.54 -1.25, 0.0174147
1.25 -2.39583 -1.97917, 0.143022
-1.30208 -2.6025 -0.416667, -0.0968715
-1.30208 -2.6025 0.416667, -0.0968715
-1.97917 -2.39583 0.416667, -0.000577196
-1.97917 -2.39583 -0.416667, -0.000577196
0.271991 -4.26389 -0.271991, 1.98386
0.271991 -4.26389 0.271991, 1.98386
-0.271991 -4.26389 0.271991, 1.98386
-0.271991 -4.26389 -0.271991, 1.98386
1.97917 -2.39583 -0.416667, -0.000577196
1.97917 -2.39583 0.416667, -0.000577196
1.30208 -2.6025 0.416667, -0.0968715
1.30208 -2.6025 -0.416667, -0.0968715
-1.25 -2.54 1.25, 0.0174147
-1.25 -2.39583 1.97917, 0.143022
-1.93866 -2.30324 1.93866, 0.991673
-1.97917 -2.39583 1.25, 0.143022
0.416667 -2.6025 1.30208, -0.0968715
0.416667 -2.39583 1.97917, -0.000577196
-0.416667 -2.39583 1.97917, -0.000577196
-0.416667 -2.6025 1.30208, -0.0968715
1.97917 -2.39583 1.25, 0.143022
1.93866 -2.30324 1.93866, 0.991673
1.25 -2.39583 1.97917, 0.143022
1.25 -2.54 1.25, 0.0174147
2.30324 -1.93866 -1.93866, 0.991673
2.39583 -1.25 -1.97917, 0.143022
2.54 -1.25 -1.25, 0.0174147
2.39583 -1.97917 -1.25, 0.143022
2.39583 -1.97917 -0.416667, -0.000577196
2.6025 -1.30208 -0.416667, -0.0968715
2.6025 -1.30208 0.416667, -0.0968715
2.39583 -1.97917 0.416667, -0.000577196
2.39583 -1.97917 1.25, 0.143022
2.54 -1.25 1.25, 0.0174147
2.39583 -1.25 1.97917, 0.143022
2.30324 -1.93866 1.93866, 0.991673
2.39583 -0.416667 -1.97917, -0.000577196
2.39583 0.416667 -1.97917, -0.000577196
2.6025 0.416667 -1.30208, -0.0968715
2.6025 -0.416667 -1.30208, -0.0968715
4.26389 -0.271991 -0.271991, 1.98386
4.26389 0.271991 -0.271991, 1.98386
4.26389 0.271991 0.271991, 1.98386
4.26389 -0.271991 0.271991, 1.98386
2.6025 -0.416667 1.30208, -0.0968715
2.6025 0.416667 1.30208, -0.0968715
2.39583 0.416667 1.97917, -0.000577196
2.39583 -0.416667 1.97917, -0.000577196
2.39583 1.25 -1.97917, 0.143022
2.30324 1.93866 -1.93866, 0.991673
2.39583 1.97917 -1.25, 0.143022
2.54 1.25 -1.25, 0.0174147
2.6025 1.30208 -0.416667, -0.0968715
2.39583 1.97917 -0.416667, -0.000577196
2.39583 1.97917 0.416667, -0.000577196
2.6025 1.30208 0.416667, -0.0968715
2.54 1.25 1.25, 0.0174147
2.39583 1.97917 1.25, 0.143022
2.30324 1.93866 1.93866, 0.991673
2.39583 1.25 1.97917, 0.143022
-2.39583 -1.97917 -1.25, 0.143022
-2.54 -1.25 -1.25, 0.0174147
-2.39583 -1.25 -1.97917, 0.143022
-2.30324 -1.93866 -1.93866, 0.991673
-2.39583 -1.97917 0.416667, -0.000577196
-2.6025 -1.30208 0.416667, -0.0968715
-2.6025 -1.30208 -0.416667, -0.0968715
-2.39583 -1.97917 -0.416667, -0.000577196
-2.30324 -1.93866 1.93866, 0.991673
-2.39583 -1.25 1.97917, 0.143022
-2.54 -1.25 1.25, 0.0174147
-2.39583 -1.97917 1.25, 0.143022
-2.6025 -0.416667 -1.30208, -0.0968715
-2.6025 0.416667 -1.30208, -0.0968715
-2.39583 0.416667 -1.97917, -0.000577196
-2.39583 -0.416667 -1.97917, -0.000577196
-4.26389 -0.271991 0.271991, 1.98386
-4.26389 0.271991 0.271991, 1.98386
-4.26389 0.271991 -0.271991, 1.98386
-4.26389 -0.271991 -0.271991, 1.98386
-2.39583 -0.416667 1.97917, -0.000577196
-2.39583 0.416667 1.97917, -0.000577196
-2.6025 0.416667 1.30208, -0.0968715
-2.6025 -0.416667 1.30208, -0.0968715
-2.54 1.25 -1.25, 0.0174147
-2.39583 1.97917 -1.25, 0.143022
-2.30324 1.93866 -1.93866, 0.991673
-2.39583 1.25 -1.97917, 0.143022
-2.6025 1.30208 0.416667, -0.0968715
-2.39583 1.97917 0.416667, -0.000577196
-2.39583 1.97917 -0.416667, -0.000577196
-2.6025 1.30208 -0.416667, -0.0968715
-2.39583 1.25 1.97917, 0.143022
-2.30324 1.93866 1.93866, 0.991673
-2.39583 1.97917 1.25, 0.143022
-2.54 1.25 1.25, 0.0174147
0.364583 3.1025 0.833333, -0.520122
0.271991 3.82639 0.636574, 0.629787
-0.271991 3.82639 0.636574, 0.629782
-0.364583 3.1025 0.833333, -0.520122
0.833333 3.1025 -0.364583, -0.520125
0.636574 3.82639 -0.271991, 0.629787
0.636574 3.82639 0.271991, 0.629782
0.833333 3.1025 0.364583, -0.520125
-0.364583 3.1025 -0.833333, -0.520125
-0.271991 3.82639 -0.636574, 0.629782
0.271991 3.82639 -0.636574, 0.629787
0.364583 3.1025 -0.833333, -0.520125
-0.833333 3.1025 0.364583, -0.520122
-0.636574 3.82639 0.271991, 0.629782
-0.636574 3.82639 -0.271991, 0.629787
-0.833333 3.1025 -0.364583, -0.520122
0.364583 -0.833333 3.1025, -0.520122
0.271991 -0.636574 3.82639, 0.629787
-0.271991 -0.636574 3.82639, 0.629782
-0.364583 -0.833333 3.1025, -0.520122
0.833333 0.364583 3.1025, -0.520125
0.636574 0.271991 3.82639, 0.629787
0.636574 -0.271991 3.82639, 0.629782
0.833333 -0.364583 3.1025, -0.520125
-0.364583 0.833333 3.1025, -0.520125
-0.271991 0.636574 3.82639, 0.629782
0.271991 0.636574 3.82639, 0.629787
0.364583 0.833333 3.1025, -0.520125
-0.833333 -0.364583 3.1025, -0.520122
-0.636574 -0.271991 3.82639, 0.629782
-0.636574 0.271991 3.82639, 0.629787
-0.833333 0.364583 3.1025, -0.520122
-3.1025 -0.833333 0.364583, -0.520122
-3.82639 -0.636574 0.271991, 0.629787
-3.82639 -0.636574 -0.271991, 0.629782
-3.1025 -0.833333 -0.364583, -0.520122
-3.1025 0.364583 0.833333, -0.520125
-3.82639 0.271991 0.636574, 0.629787
-3.82639 -0.271991 0.636574, 0.629782
-3.1025 -0.364583 0.833333, -0.520125
-3.1025 0.833333 -0.364583, -0.520125
-3.82639 0.636574 -0.271991, 0.629782
-3.82639 0.636574 0.271991, 0.629787
-3.1025 0.833333 0.364583, -0.520125
-3.1025 -0.364583 -0.833333, -0.520122
-3.82639 -0.271991 -0.636574, 0.629782
-3.82639 0.271991 -0.636574, 0.629787
-3.1025 0.364583 -0.833333, -0.520122
0.364583 0.833333 -3.1025, -0.520122
0.271991 0.636574 -3.82639, 0.629787
-0.271991 0.636574 -3.82639, 0.629782
-0.364583 0.833333 -3.1025, -0.520122
0.833333 -0.364583 -3.1025, -0.520125
0.636574 -0.271991 -3.82639, 0.629787
0.636574 0.271991 -3.82639, 0.629782
0.833333 0.364583 -3.1025, -0.520125
-0.364583 -0.833333 -3.1025, -0.520125
-0.271991 -0.636574 -3.82639, 0.629782
0.271991 -0.636574 -3.82639, 0.629787
0.364583 -0.833333 -3.1025, -0.520125
-0.833333 0.364583 -3.1025, -0.520122
-0.636574 0.271991 -3.82639, 0.629782
-0.636574 -0.271991 -3.82639, 0.629787
-0.833333 -0.364583 -3.1025, -0.520122
3.1025 -0.833333 -0.364583, -0.520125
3.82639 -0.636574 -0.271991, 0.629782
3.82639 -0.636574 0.271991, 0.629787
3.1025 -0.833333 0.364583, -0.520122
3.1025 0.364583 -0.833333, -0.520122
3.82639 0.271991 -0.636574, 0.629787
3.82639 -0.271991 -0.636574, 0.629782
3.1025 -0.364583 -0.833333, -0.520124
3.1025 0.833333 0.364583, -0.520125
3.82639 0.636574 0.271991, 0.629787
3.82639 0.636574 -0.271991, 0.629782
3.1025 0.833333 -0.364583, -0.520125
3.1025 -0.364583 0.833333, -0.520125
3.82639 -0.271991 0.636574, 0.629782
3.82639 0.271991 0.636574, 0.629787
3.1025 0.364583 0.833333, -0.520125
0.364583 -3.1025 -0.833333, -0.520122
0.271991 -3.82639 -0.636574, 0.629787
-0.271991 -3.82639 -0.636574, 0.629782
-0.364583 -3.1025 -0.833333, -0.520122
0.833333 -3.1025 0.364583, -0.520125
0.636574 -3.82639 0.271991, 0.629787
0.636574 -3.82639 -0.271991, 0.629782
0.833333 -3.1025 -0.364583, -0.520125
-0.364583 -3.1025 0.833333, -0.520125
-0.271991 -3.82639 0.636574, 0.629782
0.271991 -3.82639 0.636574, 0.629787
0.364583 -3.1025 0.833333, -0.520125
-0.833333 -3.1025 -0.364583, -0.520122
-0.636574 -3.82639 -0.271991, 0.629782
-0.636574 -3.82639 0.271991, 0.629787
-0.833333 -3.1025 0.364583, -0.520122
